[gd_scene load_steps=5 format=2]

[ext_resource path="res://models/Player/playerdwa.glb" type="PackedScene" id=1]
[ext_resource path="res://levels/lvl_00/tscn/new_spatdwaialmaterial.tres" type="Material" id=2]
[ext_resource path="res://levels/lvl_00/tscn/new_spatialmaterial.tres" type="Material" id=3]
[ext_resource path="res://levels/lvl_00/tscn/new_spatialmatdawdawerial.tres" type="Material" id=4]

[node name="playerdwa" instance=ExtResource( 1 )]

[node name="body_bottom" parent="Armature" index="0"]
transform = Transform( 1, -7.10543e-15, 2.38419e-07, -7.10543e-15, 1, 5.96046e-08, -2.38419e-07, -5.96046e-08, 1, 0, -0.377372, 0 )

[node name="body_top" parent="Armature/body_bottom" index="0"]
transform = Transform( 1, 4.79627e-28, 3.55271e-14, -7.32063e-28, 1, 7.10542e-15, -3.55271e-14, -7.10542e-15, 1, 0, 0.348259, 0 )

[node name="neck" parent="Armature/body_bottom/body_top" index="0"]
transform = Transform( 1, 6.05845e-28, 2.15239e-42, -6.05845e-28, 1, 7.10542e-15, 2.15239e-42, -7.10542e-15, 1, 0, 1.66354, 0 )

[node name="head" parent="Armature/body_bottom/body_top/neck" index="0"]
transform = Transform( 0.997316, 0.0701613, -0.0209301, -0.0700451, 0.997524, 0.00623386, 0.0213157, -0.00475108, 0.999761, 0, 0.187774, 0 )

[node name="Circle002" parent="Armature/body_bottom/body_top/neck/head" index="0"]
material/0 = ExtResource( 2 )

[node name="Icosphere013" parent="Armature/body_bottom/body_top/neck" index="1"]
material/0 = ExtResource( 3 )

[node name="hand_left_top" parent="Armature/body_bottom/body_top" index="1"]
transform = Transform( 0.966989, 0.238532, 0.089641, 0.194473, -0.918133, 0.345271, 0.164661, -0.316441, -0.934212, 0.00845425, 1.36502, -0.818543 )

[node name="hand_left_bottom" parent="Armature/body_bottom/body_top/hand_left_top" index="0"]
transform = Transform( 0.353194, 0.879576, -0.318747, 0.666231, 0.00272137, 0.74574, 0.656803, -0.475751, -0.58504, 3.84483e-11, 1.03588, -1.74213e-07 )

[node name="Circle009" parent="Armature/body_bottom/body_top/hand_left_top/hand_left_bottom" index="0"]
material/0 = ExtResource( 4 )

[node name="Icosphere011" parent="Armature/body_bottom/body_top/hand_left_top/hand_left_bottom" index="1"]
material/0 = ExtResource( 3 )

[node name="Icosphere012" parent="Armature/body_bottom/body_top/hand_left_top/hand_left_bottom" index="2"]
material/0 = ExtResource( 3 )

[node name="Circle008" parent="Armature/body_bottom/body_top/hand_left_top" index="1"]
material/0 = ExtResource( 4 )

[node name="Icosphere010" parent="Armature/body_bottom/body_top/hand_left_top" index="2"]
material/0 = ExtResource( 3 )

[node name="hand_right_top" parent="Armature/body_bottom/body_top" index="2"]
transform = Transform( 0.985101, 0.148917, -0.086016, 0.108539, -0.926344, -0.360703, -0.133395, 0.345993, -0.928706, 0.02209, 1.30703, 0.800033 )

[node name="hand_right_bottom" parent="Armature/body_bottom/body_top/hand_right_top" index="0"]
transform = Transform( 0.138961, 0.908856, -0.393281, -0.989027, 0.107254, -0.101602, -0.0501612, 0.403085, 0.913787, -3.71398e-09, 1.03588, 5.9473e-08 )

[node name="Circle011" parent="Armature/body_bottom/body_top/hand_right_top/hand_right_bottom" index="0"]
material/0 = ExtResource( 4 )

[node name="Icosphere014" parent="Armature/body_bottom/body_top/hand_right_top/hand_right_bottom" index="1"]
transform = Transform( 0.160959, -1.87755e-06, -0.00040517, -0.000359405, -0.0749679, -0.142434, 0.000187062, -0.142435, 0.0749677, 0.000690132, -0.00635543, 0.0222878 )
material/0 = ExtResource( 3 )

[node name="Icosphere015" parent="Armature/body_bottom/body_top/hand_right_top/hand_right_bottom" index="2"]
material/0 = ExtResource( 3 )

[node name="Circle010" parent="Armature/body_bottom/body_top/hand_right_top" index="1"]
transform = Transform( 0.17846, -8.19564e-08, -1.99303e-07, -9.31323e-10, -0.165058, 0.067852, 2.16067e-07, 0.067852, 0.165058, 0.000690177, 0.0971268, 0.0179197 )
material/0 = ExtResource( 4 )

[node name="Icosphere001" parent="Armature/body_bottom/body_top/hand_right_top" index="2"]
material/0 = ExtResource( 3 )

[node name="Circle007" parent="Armature/body_bottom/body_top" index="3"]
transform = Transform( 1, 7.10543e-15, -2.38419e-07, -2.13163e-14, 1, -5.96047e-08, 2.38419e-07, 5.96047e-08, 1, 2.11758e-22, 0.029113, -1.77636e-15 )
material/0 = ExtResource( 2 )

[node name="foot_left" parent="Armature/body_bottom/leg_left" index="0"]
transform = Transform( 0.709426, 0.671422, 0.214259, 0.195289, 0.104831, -0.975127, -0.677182, 0.733623, -0.0567512, 1.03384e-08, 0.819875, -1.90929e-08 )

[node name="Icosphere017" parent="Armature/body_bottom/leg_left/foot_left" index="0"]
material/0 = ExtResource( 3 )

[node name="Circle012" parent="Armature/body_bottom/leg_left" index="1"]
material/0 = ExtResource( 4 )

[node name="Icosphere016" parent="Armature/body_bottom/leg_left" index="2"]
transform = Transform( 0.335979, -1.49013e-08, 1.99254e-10, 3.34826e-09, -0.334293, 0.0336171, -6.51852e-10, -0.0336179, -0.334284, 6.69137e-05, -0.0227316, -0.0156265 )
material/0 = ExtResource( 3 )

[node name="leg_right" parent="Armature/body_bottom" index="2"]
transform = Transform( 0.970254, -0.240873, 0.0242241, -0.242088, -0.965385, 0.0970857, 2.63564e-07, -0.10006, -0.995006, -6.69659e-05, -0.16565, 0.375401 )

[node name="foot_right" parent="Armature/body_bottom/leg_right" index="0"]
transform = Transform( -0.71864, 0.677161, -0.158142, 0.0216862, -0.205483, -0.97842, -0.695043, -0.706562, 0.132983, 2.15676e-08, 0.819875, -2.06041e-08 )

[node name="Icosphere019" parent="Armature/body_bottom/leg_right/foot_right" index="0"]
material/0 = ExtResource( 3 )

[node name="Circle013" parent="Armature/body_bottom/leg_right" index="1"]
material/0 = ExtResource( 4 )

[node name="Icosphere018" parent="Armature/body_bottom/leg_right" index="2"]
material/0 = ExtResource( 3 )
